83-a.wav,"Уэстуэй"
