9-a.wav,"южная шикана"
